points=[[1,0,0],[0.660723,0.322338,0.677896],[0.320132,-0.406676,0.855646],[0.659889,-0.730096,0.177499],[0.000515753,0.902709,0.430252],[0.0799477,0.874117,-0.479091],[0.660041,0.322986,-0.678252],[0.0805485,-0.17867,-0.980606],[-2.26836e-05,-0.90282,-0.430018],[-0.499159,-0.372534,0.782342],[-0.739778,0.382281,0.553705],[-0.740549,-0.669992,0.0519391],[-0.500756,0.372741,-0.781222],[-0.980775,0.08487,-0.175721]];
edges=[[0,6],[0,1],[0,3],[1,4],[1,2],[2,9],[2,3],[3,8],[4,10],[4,5],[5,6],[5,12],[6,7],[7,8],[7,12],[8,11],[9,11],[9,10],[10,13],[11,13],[12,13]];
